32348
31868
35798
60455
40472
34187
2753
31599
26407
37912
23060
28696
19357
14055
30325
38223
9118
13037
49821
52333
61921
54130
26517
35048
59349
49846
5057
47413
19474
50483
14589
7389
1990
32412
27646
20285
58316
44816
52148
32271
29041
48454
52442
47315
24297
36751
37022
33947
33084
38453
9092
19798
13891
60810
61261
62540
18039
55778
3781
2395
4394
52091
32792
50268
21317
4162
53498
2922
6730
24097
27374
21657
41071
13748
11330
64404
42023
35746
16256
22635
58054
14983
56837
2657
23695
2148
50871
10814
60701
56695
3711
33245
8079
32588
41111
11345
24344
22004
20477
47557
13261
37660
64772
54766
60985
26374
47337
40463
23392
44817
24837
3718
3062
57361
15083
56665
44417
36107
13699
33350
35017
17643
39076
17147
40616
4053
53137
44548
6519
21228
17100
46786
62968
36959
48585
31413
20742
23795
62664
55953
45075
1278
26953
25276
46881
1169
8184
17514
63657
31222
33874
17858
8154
43716
5189
57771
30046
11003
21408
16883
20241
3843
23496
9843
5612
11613
39672
9150
16110
63355
61056
19067
32394
775
55424
16259
5681
27069
47726
64223
60159
40600
34273
53966
63564
61257
31650
38556
6645
22830
18765
23802
24198
40363
1786
16844
26979
6830
23516
47463
38556
7704
63904
55754
52792
32159
60898
10146
22680
48315
13980
6883
47750
2035
64820
55328
8938
39986
47855
5688
22245
43576
58490
1646
12511
34268
6167
27874
44235
38688
58875
9207
27916
29679
21491
41877
33041
11612
6037
6344
46675
56978
1124
18505
42718
7719
24768
10731
11151
2398
15391
37285
33973
13071
44747
42820
63240
2821
17809
38449
24159
5582
7873
7431
16453
3330
14281
14224
47076
17739
40855
26423
32734
19865
10441
25669
52961
62219
31377
44997
28252
49794
8112
24774
47316
56489
17170
4658
11339
55044
61596
24283
11839
21803
59946
23008
3858
42086
56126
51343
27576
39487
5542
4706
45872
12270
7284
18998
56126
16822
25979
60291
37364
44507
41586
54592
26996
973
1462
17617
24011
34066
47677
35819
33678
26393
50793
36575
54716
54127
56457
50185
48160
56102
63023
4752
38326
32483
46917
5477
65043
40728
26430
39201
42678
29665
12372
46714
1635
27109
23072
25023
14076
36280
25934
16534
38538
10747
33941
52181
61381
51685
39747
21142
29341
23131
3634
8061
54089
54132
43221
28613
51075
23433
10163
59296
27381
43001
42026
59039
1767
63184
54564
25533
21279
5056
34187
33152
40871
45762
40532
45419
56994
1846
65200
16756
15087
59382
7216
28668
41517
21430
65030
27064
20311
38236
50420
51944
13364
12840
13435
45217
60566
52147
60522
2522
21431
4647
31646
33018
39844
10246
43138
65411
62833
38057
10508
54537
4214
15647
11793
62108
27658
16715
13194
23248
13201
64623
17546
59054
64863
31169
36171
16186
47918
9935
41688
31884
48140
27407
15909
13382
9391
36370
25306
64666
27066
16524
38866
1124
24714
30817
15382
32580
31714
43219
21872
19345
60427
50881
57744
37455
6661
53533
38624
48367
25974
38989
45565
11222
4509
22452
28608
45530
57459
1018
58534
13865
18725
23149
12553
40383
25043
11001
32952
33245
12558
45662
43945
26674
62221
22015
47078
30138
3732
41543
27027
40209
44816
2067
45181
26220
49565
47448
16918
55457
830
61867
26210
6667
54321
28739
48524
54274
8358
30508
3483
40428
14140
4830
29591
64609
17131
3609
19538
16204
3472
56499
61075
36286
857
3224
46454
10704
19309
52025
42469
49211
26640
42750
10348
59610
48629
36008
20563
46405
49245
49045
7541
52025
17247
7834
9877
30723
43165
56534
29104
62133
39374
9195
44469
37606
49471
4787
63725
43895
12310
46466
18439
29250
48573
60361
63145
33107
53460
30214
6849
2639
29105
26493
41717
27504
54706
64672
52608
64760
27480
62048
2844
20697
52656
16199
18491
51788
31773
54894
61753
6892
9923
33088
56191
27788
18691
241
51506
33977
30780
28365
11754
7966
40469
9252
38067
55490
32944
31541
57666
62938
51498
10971
11030
55474
51034
19097
8350
22661
45461
44247
28010
7407
5690
60750
12417
27754
48038
37502
510
21558
44890
63137
43230
62562
51217
24346
30228
60809
13578
1352
14428
13763
51346
43255
4020
57650
47604
10212
44888
65279
29800
7894
11447
32667
21336
42059
39037
749
41095
6825
51082
26428
54489
3213
54261
23044
41112
10641
40249
1255
4773
14565
33137
8460
57117
8574
31686
19493
9179
45578
1199
56063
35925
21753
29412
42884
42120
21389
5931
29222
56516
13812
64644
31467
58268
29240
43284
29350
53607
16555
46563
62569
16019
40615
51917
24334
60667
22506
60676
21012
43489
12417
63359
52645
35563
54346
6573
13785
35394
8975
57489
21355
50634
26678
21622
6764
36978
28690
18688
8230
64603
41678
358
32429
15885
551
38643
38122
3487
19446
12084
59173
6023
35843
33027
3308
21868
3104
40756
26507
19583
3686
41998
34452
19573
53936
1392
92
52440
39565
56734
55583
28620
13814
54153
48893
22124
60274
65060
43332
48468
38957
52312
14592
1076
50241
50590
23983
41888
13554
45411
44394
19766
40628
9319
59970
48423
23327
38575
53540
11951
6214
26946
26474
4074
65288
52344
3574
29222
47481
23786
4360
54236
33154
55765
50604
40302
9877
19114
30377
62386
39
46687
64840
8152
34197
40143
23838
38117
50124
19531
44644
48373
59711
763
4005
62738
27171
20392
57130
2754
56708
4002
42284
54276
14299
41632
35704
5658
50611
55611
3190
29449
39144
53739
23581
58821
39192
29423
34844
60269
13475
45023
9040
41345
44812
65496
41390
16172
9199
47046
6079
38873
47010
47878
33139
4162
51113
44645
53717
15025
45661
36333
1689
23589
30197
59350
8486
28619
45225
46580
61886
62036
46398
46642
59923
16316
30216
35124
61993
40453
1015
51101
24083
781
37916
41398
27693
9294
15480
42416
2881
43643
29971
38320
23929
18803
31861
7011
29195
42141
58124
60054
55890
2333
6139
484
2608
12380
65412
8196
15618
3748
34803
55299
57949
41215
18921
34501
18170
17341
29821
37662
20511
13768
18629
6028
8551
64813
62405
19381
30717
44109
42310
42019
24889
58963
54800
49941
53224
41500
3326
36121
61679
19882
24604
17089
8273
12115
64028
40255
2189
56730
9519
382
62113
57647
38535
52081
10909
7730
51794
3381
52697
24777
19094
27272
29481
21927
23703
46096
7317
